(1, 0) 4 14
(1, 1) 5 5
(1, 2) 5 5
(1, 3) 5 5
(1, 4) 5 5
(1, 5) 5 5
(1, 6) 5 5
(1, 7) 5 5
(1, 8) 5 5
(1, 9) 5 5
(1, 10) 5 5
(1, 11) 5 5
(1, 12) 5 5
(1, 13) 5 5
(1, 14) 5 5
(1, 15) 5 5
(1, 16) 5 5
(1, 17) 5 5
(1, 18) 5 5
(1, 19) 5 5
(1, 20) 5 5
(1, 21) 5 5
(1, 22) 5 5
(1, 23) 5 5
(1, 24) 5 5
(1, 25) 5 5
(1, 26) 5 5
(1, 27) 5 5
(1, 28) 5 5
(1, 29) 5 5
(1, 30) 5 5
(1, 31) 5 5
(1, 32) 5 5
(1, 33) 5 5
(1, 34) 5 5
(1, 35) 1 11
(11, 0) 4 14
(11, 1) 5 5
(11, 2) 5 5
(11, 3) 5 5
(11, 4) 5 5
(11, 5) 5 5
(11, 6) 5 5
(11, 7) 5 5
(11, 8) 5 5
(11, 9) 5 5
(11, 10) 5 5
(11, 11) 5 5
(11, 12) 5 5
(11, 13) 5 5
(11, 14) 5 5
(11, 15) 5 5
(11, 16) 5 5
(11, 17) 5 5
(11, 18) 5 5
(11, 19) 5 5
(11, 20) 5 5
(11, 21) 5 5
(11, 22) 5 5
(11, 23) 5 5
(11, 24) 5 5
(11, 25) 5 5
(11, 26) 5 5
(11, 27) 5 5
(11, 28) 5 5
(11, 29) 5 5
(11, 30) 5 5
(11, 31) 5 5
(11, 32) 5 5
(11, 33) 5 5
(11, 34) 5 5
(11, 35) 1 11
